Row,mkpsq,mppisq,cos_theta,phi_p,chi
0,3.9871754,1.6331379,0.8522608,1.1408278,-1.577789
1,3.0852733,2.5287520,-0.022425,-1.311920,-2.327567
2,3.6482673,1.3608114,-0.468466,-0.324229,1.1748689
3,3.4735045,2.0998498,0.4739720,-1.858404,-2.790290
4,3.8940633,1.5720000,0.6339068,1.3055526,1.4390872
5,3.5491514,1.5469969,0.8980934,0.7687820,-0.882590
6,4.0168583,1.7226692,0.8145084,-2.279457,2.0185698
7,3.9178559,1.6096667,0.0108589,-2.895557,-0.429391
8,4.4925456,1.4298654,0.6354653,0.9347540,1.8484799
9,4.4111831,1.5382677,0.7732316,1.5406188,0.2087873
10,2.7888100,2.8978240,0.3513027,2.1574847,-0.976989
11,4.4164344,1.4619882,-0.997698,0.7395035,-1.239087
12,4.1813116,1.5471003,0.4063779,-2.596956,-2.068918
13,3.3351066,1.5345022,0.7033104,-0.907601,-2.023621
14,4.1074465,1.4152465,0.1482857,2.1275035,2.5039432
15,3.6661014,1.5364472,-0.538478,-2.762471,0.7631861
16,3.2805406,2.2443600,-0.262341,0.3193292,0.7889003
17,4.3066682,1.2861909,0.8157405,-1.163718,-0.024810
18,2.7617160,2.8208762,-0.996774,2.3866114,3.0299918
19,3.3014699,2.2467695,-0.881846,2.2195997,1.3693030
20,3.2651946,1.7947112,-0.175107,1.4297405,-2.787457
21,3.7299443,1.4320730,-0.352391,-2.048923,1.5059688
22,2.3210413,3.1376568,-0.713779,-0.823199,0.2696081
23,2.9755343,1.8171153,-0.336478,0.2634123,0.6957812
24,4.4547322,1.3001003,-0.313345,-2.446515,2.8242275
25,2.4231101,3.1229055,-0.662761,-0.987675,-1.882881
26,4.4550310,1.4189466,-0.390994,2.3227837,-0.195459
27,3.6049378,1.4401845,-0.389198,-0.178376,2.1566014
28,4.1087189,1.3955009,-0.711735,-0.230959,0.1130890
29,2.7633017,2.7944706,0.9163470,-1.296638,0.8172159
30,4.2567066,1.2691359,0.0348117,-2.736209,-1.787254
31,2.6099611,3.0111831,0.2033898,-2.582234,-2.556758
32,2.9739918,1.8667927,0.8504992,1.2322707,2.5025020
33,2.4698171,2.6772925,0.6574051,2.4273454,1.1316891
34,2.5011638,3.0543683,0.1566296,2.2824234,1.0039462
35,2.2722797,2.6162965,0.8023693,2.1801841,-2.317895
36,2.5134119,2.1789359,0.7525123,0.4281853,3.0066022
37,4.0569073,1.7386911,-0.354917,-1.721930,-1.713769
38,2.2877038,3.1646231,0.1095147,-0.753481,-0.255943
39,2.6630048,2.87372,-0.450468,-2.179189,-1.030966
40,3.4405526,2.1727179,-0.896603,1.8503945,0.8879302
41,3.3782310,2.0852118,-0.956653,2.8301283,-0.039969
42,2.6146912,2.7653109,0.1353601,1.8897735,-2.241212
43,3.6587330,1.8451293,0.7361885,-0.432864,-2.278607
44,3.4793350,1.4157561,0.0643626,1.5683271,2.8380213
45,2.8752747,2.9142614,-0.008840,2.9163987,0.3699482
46,3.8806991,1.4742961,-0.358412,-2.868079,-1.511213
47,3.1147870,2.4512693,-0.628585,-2.901354,3.1018144
48,3.6540205,1.4233538,0.0732518,1.5296232,-1.755760
49,2.5529226,2.9703097,-0.158204,2.8010946,-0.154863
50,3.4706847,1.4575603,-0.719019,1.5916899,1.6618132
51,2.2548957,3.1909899,-0.359239,2.9725753,-2.730239
52,3.7026114,1.8773376,0.2359737,1.3739016,-1.749280
53,3.3002836,1.4965192,-0.208733,-1.807072,-3.085016
54,4.3848728,1.2956724,0.7840889,-0.251922,-0.175805
55,3.8466823,1.7175119,-0.233542,-0.989601,1.7049697
56,4.2829664,1.3577287,0.5128324,1.5759793,-0.681431
57,2.3710350,2.2657839,-0.128958,-2.525850,2.0016036
58,3.5600695,1.8733513,0.7984543,0.6722991,-1.731408
59,3.392808,1.4629411,0.8705663,1.9855089,-2.622252
60,4.1413962,1.4628787,-0.205590,2.2533322,-0.315148
61,2.2198849,2.4876799,0.2328300,-1.252051,-2.048363
62,3.5512745,1.4610807,-0.287381,-1.423203,-0.986429
63,2.2999450,2.4580645,0.7689035,1.1307251,0.7921991
64,2.8033437,1.9232703,0.0705625,-0.328749,-0.826931
65,4.0567368,1.5117982,-0.797906,0.5598639,-0.495888
66,3.1293088,2.5041309,-0.729882,-3.074779,-0.020883
67,4.2118232,1.4898163,-0.451541,1.7261324,-3.110509
68,3.7646744,1.5458228,-0.681842,-1.983397,1.1103883
69,4.1093535,1.4591879,-0.445760,2.0401532,2.9772119
70,3.7049684,1.3335139,0.7358121,1.7315932,0.4904981
71,3.5698573,1.7739326,-0.994555,-2.957940,-2.562856
72,2.7127035,2.7941010,-0.890478,0.0206971,1.9775594
73,2.7870353,2.8243018,0.3529670,1.6262743,-0.983938
74,3.3493010,1.4704967,0.6739129,1.6999681,0.3185028
75,3.9209936,1.6347625,0.9869926,2.2032671,1.4649746
76,2.9613086,2.5786876,-0.489327,1.4483750,-0.051974
77,3.0250638,1.7836948,-0.094029,2.4283778,2.5100204
78,2.4906507,3.0889411,-0.559019,-0.822277,-1.748869
79,4.0599917,1.7545891,-0.576076,2.9746341,-1.625348
80,4.1716072,1.7288779,0.9597285,-0.854837,-2.452521
81,3.2317093,2.4195280,-0.313697,2.5313384,-1.925534
82,2.5124209,3.0516153,0.5669272,0.3071375,-0.806716
83,2.9988321,2.3263969,-0.523221,-1.172770,-0.377351
84,2.9529431,2.6168115,0.7574220,0.3992794,1.8019953
85,3.3882817,1.5071394,-0.188385,-2.831035,1.0757737
86,3.3138515,1.5014830,0.2066308,-0.628542,-0.662051
87,4.2071099,1.6481841,-0.359059,2.8406095,-1.655226
88,2.2857355,3.0489708,0.5274659,2.3473082,2.4307251
89,3.4547748,1.8557504,0.2167925,-0.762556,2.7118127
90,3.4144834,2.2451433,-0.368354,-2.444477,2.7704272
91,2.9680802,2.6371633,0.9302029,-1.742991,-2.884498
92,3.9640651,1.6140718,0.4449433,1.1240324,1.2184611
93,4.2240556,1.7432466,0.6230974,-1.655453,-2.148348
94,4.2172545,1.6301395,0.1721304,-1.680375,-3.043242
95,4.2051892,1.6901228,-0.084954,-2.207734,1.2491519
96,2.7043602,2.9949178,-0.491777,-2.317779,-1.491409
97,4.0286104,1.4391355,0.9542924,-2.200898,0.5640547
98,3.1011412,2.4667616,0.4229714,2.6429705,-2.252720
99,4.3639035,1.4090104,0.4048266,2.8388006,1.6441499
